000
000
4500
4500
0900
0900
3600
3600
3600
0900
4500
1000
3600
3600
4500
3500
0900
0900
0000
1000
0900
3600
0000
3500
1000
1000
3500
3500
1430
1430
3070
3070
1430
3500
1480
3070
3070
3500
3020
1430
1430
1000
1480
1430
3070
1000
3020
1500
1500
3000
3000
1700
1700
2800
2800
2800
1700
3000
1740
2800
2800
3000
2760
1700
1700
1480
1740
1700
2800
1480
2760
1750
1750
2750
2750
1850
1850
2650
2650
2650
1850
2750
1880
2650
2650
2750
2620
1850
1850
1740
1880
1850
2650
1740
2620
1890
1890
2610
2610
1950
1950
2540
2540
2540
1950
2610
1970
2540
2540
2610
2520
1950
1950
1850
1970
1950
2540
1850
2520
1980
1980
2510
2510
2020
2020
2470
2470
2470
2020
2510
2030
2470
2470
2510
2460
2020
2020
1950
2030
2020
2470
1950
2460
2040
2040
2450
2450
2070
2070
2420
2420
2080
2080
2410
2410
2100
2100
2390
2390
2110
2110
2380
2380
2120
2120
2370
2370
2130
2130
2360
2360
2140
2140
2350
2350
2140
2350
2120
2370
2100
2390
2070
2420
2020
2470
1950
2540
1850
2650
1700
2800
1430
3070
0900
3600


